0 / 1
1 / 2
1 * 106
1 = 35
0 = 6
6 = 44
0 - 8
8 - 49
8 = 33
0 + 7
7 = 32
7 + 48
0 * 9
9 = 34
0 & 10
10 = 36
10 & 43
0 | 11
11 = 37
11 | 42
0 ^ 12
12 = 38
0 % 13
13 = 39
0 < 14
14 < 40
14 = 46
40 = 50
0 > 15
15 = 47
15 > 41
41 = 51
41 > 52
52 = 53
0 ! 16
16 = 45
0 ~ 17
0 ( 18
0 ) 19
0 [ 20
0 ] 21
0 { 22
0 } 23
0 . 24
24 0 54
24 1 54
24 2 54
24 3 54
24 4 54
24 5 54
24 6 54
24 7 54
24 8 54
24 9 54
0 , 25
0 ? 26
0 : 27
0 ; 28
0 0 29
0 1 29
0 2 29
0 3 29
0 4 29
0 5 29
0 6 29
0 7 29
0 8 29
0 9 29
29 0 29
29 1 29
29 2 29
29 3 29
29 4 29
29 5 29
29 6 29
29 7 29
29 8 29
29 9 29
29 . 54
54 9 54
54 0 54
54 1 54
54 2 54
54 3 54
54 4 54
54 5 54
54 6 54
54 7 54
54 8 54
54 9 54
0 ' 101
101 ! 102
101 " 102
101 # 102
101 $ 102
101 % 102
101 & 102
101 ( 102
101 ) 102
101 * 102
101 + 102
101 - 102
101 . 102
101 / 102
101 0 102
101 1 102
101 2 102
101 3 102
101 4 102
101 5 102
101 6 102
101 7 102
101 8 102
101 9 102
101 : 102
101 ; 102
101 < 102
101 = 102
101 > 102
101 ? 102
101 @ 102
101 A 102
101 B 102
101 C 102
101 D 102
101 E 102
101 F 102
101 G 102
101 H 102
101 I 102
101 J 102
101 K 102
101 L 102
101 M 102
101 N 102
101 O 102
101 P 102
101 Q 102
101 R 102
101 S 102
101 T 102
101 U 102
101 V 102
101 W 102
101 X 102
101 Y 102
101 Z 102
101 [ 102
101 ] 102
101 ^ 102
101 _ 102
101 ` 102
101 a 102
101 b 102
101 c 102
101 d 102
101 e 102
101 f 102
101 g 102
101 h 102
101 i 102
101 j 102
101 k 102
101 l 102
101 m 102
101 n 102
101 o 102
101 p 102
101 q 102
101 r 102
101 s 102
101 t 102
101 u 102
101 v 102
101 w 102
101 x 102
101 y 102
101 z 102
101 { 102
101 | 102
101 } 102
101 ~ 102
101 \ 103
103 0 108
103 1 108
103 2 109
103 3 109
103 4 109
103 5 109
103 6 109
103 7 109
103 a 102
103 b 102
103 t 102
103 n 102
103 v 102
103 f 102
103 r 102
103 \ 102
103 ' 102
108 0 109
108 1 109
108 2 109
108 3 109
108 4 109
108 5 109
108 6 109
108 7 109
109 0 110
109 1 110
109 2 110
109 3 110
109 4 110
109 5 110
109 6 110
109 7 110
108 ' 55
109 ' 55
110 ' 55
102 ' 55
0 " 104
104 \ 105
105 0 104
105 1 104
105 2 104
105 3 104
105 4 104
105 5 104
105 6 104
105 7 104
105 a 104
105 b 104
105 t 104
105 n 104
105 v 104
105 f 104
105 r 104
105 \ 104
105 " 104
104 ! 104
104 # 104
104 $ 104
104 % 104
104 & 104
104 ' 104
104 ( 104
104 ) 104
104 * 104
104 + 104
104 ' 104
104 - 104
104 . 104
104 / 104
104 0 104
104 1 104
104 2 104
104 3 104
104 4 104
104 5 104
104 6 104
104 7 104
104 8 104
104 9 104
104 : 104
104 ; 104
104 < 104
104 = 104
104 > 104
104 ? 104
104 @ 104
104 A 104
104 B 104
104 C 104
104 D 104
104 E 104
104 F 104
104 G 104
104 H 104
104 I 104
104 J 104
104 K 104
104 L 104
104 M 104
104 N 104
104 O 104
104 P 104
104 Q 104
104 R 104
104 S 104
104 T 104
104 U 104
104 V 104
104 W 104
104 X 104
104 Y 104
104 Z 104
104 [ 104
104 ] 104
104 ^ 104
104 _ 104
104 ` 104
104 a 104
104 b 104
104 c 104
104 d 104
104 e 104
104 f 104
104 g 104
104 h 104
104 i 104
104 j 104
104 k 104
104 l 104
104 m 104
104 n 104
104 o 104
104 p 104
104 q 104
104 r 104
104 s 104
104 t 104
104 u 104
104 v 104
104 w 104
104 x 104
104 y 104
104 z 104
104 { 104
104 | 104
104 } 104
104 ~ 104
104 , 104
104 " 56
